65
234
334
613
672
863
985
1038
1179
1210
1535
1580
1960
1963
2168
2293
2339
2344
2831
3101
3107
3126
3131
3176
3394
3415
3417
3426
3431
3439
3448
3452
3456
3458
3460
3472
3487
3584
3768
3792
3809
4016
4033
4251
4293
4307
4535
4702
4707
4760
4771
4956
5154
5325
5326
5333
5480
5495
5496
5506
5508
5519
5525
5626
5840
6017
6026
6043
6085
6265
6293
6316
7454
7552
7617
7709
7735
8144
8154
8283
8289
8681
8721
8722
8750
8753
8762
9116
9144
9191
9282
9463
9464
9484
9492
9528
9720
9740
9744
9949
10078
10252
10513
10694
10809
10899
10907
10921
11090
11093
11105
11127
11163
11185
11226
11329
11333
11359
11372
11389
11473
11505
11714
12251
12258
12260
12329
12398
12658
12680
12852
12877
13029
13206
13211
13289
13347
13521
13855
13910
13944
14145
14168
14272
14292
14379
14381
14436
14572
14574
14645
14679
14963
15222
15246
15278
15289
15290
15378
15383
15488
15932
16062
16126
16187
16194
16204
16522
16531
16968
17116
17208
17246
17253
17255
17256
17348
17504
17546
17562
17586
17643
17648
17741
17772
17787
17964
18018
18044
18050
18103
18113
18144
18195
18202
18210
18216
18221
18231
18234
18239
18249
18364
18435
18485
18739
18839
19002
19016
19207
19495
19509
19919
19923
20056
20065
20067
20381
20455
20465
20501
20511
21064
21240
21309
21335
21357
21604
21633
21885
21957
22019
22106
22159
22195
22265
22269
22271
22279
22281
22284
22290
22291
22294
22296
22299
22331
22452
22468
22472
22485
22489
22491
22500
22551
22563
22621
22713
22768
22806
22904
23103
23331
24331
24866
24880
24893
24924
25015
25045
25066
25090
25106
25142
25424
25866
26008
26209
26800
26914
27045
27403
27503
27504
27507
27509
28087
28185
29047
29048
29057
29058
29247
29273
29863
29868
29901
29903
29910
29917
29921
29933
30588
30592
30611
30625
30772
31184
31289
31439
31520
31555
31738
31849
31853
31878
31882
32154
32208
32270
32377
32703
32838
33048
33056
33134
33136
33139
33208
33360
33397
33506
33601
33639
34095
34201
34303
34304
34378
34395
34568
34613
34631
34642
34739
34752
34766
34785
34843
34856
34859
34974
34991
35040
35075
35140
35502
35510
35542
35563
35574
35589
35591
35595
35628
35657
35658
35801
35916
36144
36273
36274
36283
36314
36377
36424
36428
36473
36550
36571
36613
36936
36942
37248
37373
37619
37770
37925
38099
38113
38262
38400
38447
38490
38603
38741
39237
39294
39331
39593
39641
39650
39888
40017
40054
40057
40096
40106
40360
40555
40689
40710
40843
41007
41042
41089
41235
41237
41256
41592
41625
41645
41659
41661
41677
41687
41696
41698
41707
41713
41754
41792
41793
41794
41940
42135
42230
42296
42879
42902
42937
42994
43105
43148
43193
43331
43710
43879
44633
44680
44819
44959
44977
45079
45083
45197
45234
45294
45299
45469
45589
45706
45737
45763
45782
45799
45801
45808
45836
45988
46200
46295
46450
46531
46553
46562
46624
46650
46651
46689
46853
46908
46987
47463
47479
47535
47543
48352
48379
48490
48558
48610
48636
48639
48678
48693
48715
48749
48750
48766
48770
48771
48773
48785
49129
49327
49359
49393
49574
49600
49841
49920
49925
49982
49985
50108
50109
50112
50364
50505
50507
50512
50521
50542
50547
50623
50876
50921
50939
50941
51149
51168
51213
51310
51359
51365
51555
51889
52025
52034
52236
52242
52438
52628
52661
52678
52883
53011
53058
53065
53083
53085
53098
53322
53338
53567
53741
53782
53785
53790
53792
53794
53796
53821
53906
53959
54084
54260
54580
54595
54719
54734
55502
55549
55566
55627
55630
55638
55653
55738
55875
56110
56379
56698
56699
56723
56746
56769
56787
56957
56970
57149
57231
57251
57316
57542
57665
57670
57672
57747
57760
57767
57770
58011
58146
58215
58219
58226
58228
58332
58369
58571
58695
58696
58726
58739
58818
58888
59281
59883
59911
60111
60126
60318
60400
60901
60919
61071
61163
61168
61390
61397
61399
61405
61410
61413
61415
61418
61419
61426
61438
61441
61528
61551
61620
61634
61647
61757
61758
61777
61789
61838
61839
62120
62456
62516
62697
62717
62730
63042
63072
63280
63411
63434
63464
63588
63641
63642
63869
64021
64205
64431
64456
64758
64833
65145
65546
65660
65702
65729
65746
65838
65839
65847
65922
65923
65925
66090
66170
66251
66425
66427
66448
66484
66641
66658
66706
67065
67126
67212
67244
67406
67825
68230
68488
68521
68565
68566
68567
68568
68662
69303
69339
69361
69380
69433
69692
69748
69772
69775
69776
69779
69781
69784
69787
69788
69793
69795
69798
69803
69805
69807
69825
69827
69828
69830
69900
69987
70029
70074
70167
70286
70956
71014
71107
71108
71372
71418
71589
71836
71934
72167
72255
72539
72908
72939
73330
73611
73612
73840
74132
74327
74519
74700
74882
75193
75235
75837
75951
75999
76004
76192
76378
76393
76470
76482
76489
76508
76514
76741
76754
76818
76819
76841
76883
77062
77064
77168
77297
77299
77348
77587
77911
78028
78117
78157
78214
78215
78331
78370
78458
78528
78873
78905
78907
79287
79318
79349
79362
79369
79396
79427
79553
79961
80037
80147
80237
80358
80765
81198
81199
81287
81490
81566
81568
81749
82000
82059
82063
82074
82110
82150
82207
82293
82574
82704
83110
83180
83483
83502
83545
83691
83795
83802
83865
83878
83915
83928
84099
84474
84480
84484
84524
84525
84682
84739
84753
84844
85810
85820
85821
85828
86217
86538
86549
86839
87046
87068
87479
87530
87608
87616
87678
87838
87871
87873
87951
87992
88044
88058
88157
88653
88737
88741
88841
88879
88945
89025
89678
89970
89998
90141
90211
90927
90958
90959
91006
91042
91413
91520
91546
91551
91571
91590
91776
91949
92313
92321
92804
92859
92870
92950
93422
93892
93943
93976
94575
94580
94864
94866
95130
95475
95642
95645
96112
96122
96659
96714
96724
96833
97314
97602
97661
97697
97737
97853
98338
98508
98633
98674
99091
99096
99097
99099
99131
99849
99852
99873
99891
99894
99901
99903
100077
100405
100406
101353
101546
101668
101704
102033
102083
102142
102293
102439
103094
103218
103840
103968
104238
104268
104269
104342
104353
104367
104376
104377
104409
104644
104649
104802
104942
104963
105048
105058
105059
105060
105061
105062
105066
105074
105418
105471
105535
105671
105675
105794
